4357712
177150
199430
560336
196428
270094
187841
2134452
4029632
188598
182854
191483
336710
3272632
3426658
4201971
4361727
4474255
2875735
336012
299837
205904
4387250
182383
4335815
581003
1602307
184971
194497
920226
198034
174493
185584
4393172
175789
362997
194672
2420110
708680
3327894
4304475
1836848
294922
190620
511795
185936
178763
309720
2281172
191399
581079
331253
564806
4439469
1663575
4391230
299267
168313
295053
1105919
3090048
192263
183603
3506872
4353251
194626
2358923
4328515
183651
499109
320291
4232047
185240
199268
545061
509636
188990
48084
176833
197661
195721
193448
210647
188165
185753
196307
177161
181880
204099
180713
190183
187882
190577
180473
290281
4191060
1978955
183573
174304
4442130
189708
197750
191153
180801
184760
187150
194868
4439603
219154
4460005
312070
4346977
