4357712
560336
196428
270094
187841
2134452
188598
182854
191483
336710
3272632
3426658
4201971
4361727
2875735
299837
205904
4387250
4335815
581003
184971
920226
175789
362997
2420110
708680
3327894
4304475
294922
190620
511795
185936
178763
309720
191399
581079
331253
564806
4439469
1663575
4391230
1105919
3090048
192263
183603
4353251
194626
2358923
183651
4232047
185240
188990
48084
176833
195721
210647
177161
181880
180713
190183
190577
180473
290281
4191060
183573
189708
191153
187150
194868
219154
4460005
312070
4346977
