566976
2134452
185570
175441
336710
4201971
179692
2875735
352034
173863
189091
185190
4324240
205904
190502
369014
359314
179729
179720
195757
454363
564140
336614
3387754
185763
344430
4430843
2420110
2298935
3152469
191923
4304475
294922
4480244
187932
2901965
194584
192231
185936
2281172
196370
3715618
331253
147969
1663575
4296987
3090048
4232047
294270
337914
188990
194101
178665
196307
190490
4328550
179663
309391
4089040
196982
182986
556835
4191060
1742070
192234
842786
2189140
183573
178474
4457872
4464533
766768
137741
4424239
190155
175585
724120
4460005
2305624
321907
196599
178299
188856
216010
12560
143423
187973
359563
4355086
887744
583107
4413619
319870
193951
180826
287813
157842
4385479
517548
